radial_sampling = 28  #number of layers/depths in the model.
distance2meter = 1000 #conversion constant from km to m.
velocity2m/s = 1000    # conversion constant from km/s to m/s.
density2kg/m^3 = 1000 #conversion constant from g/cm^3 to kg/m^3
radial_meaning = depth
<anchor_data>
0.000 2.7200 5.8000 3.4600
20.000 2.7200 5.8000 3.4600
20.000 2.9200 6.5000 3.8500
35.000 2.9200 6.5000 3.8500
35.000 3.3198 8.0400 4.4800
77.500 3.3455 8.0450 4.4900
120.000 3.3713 8.0500 4.5000
165.000 3.3985 8.1750 4.5090
210.000 3.4258 8.3000 4.5180
210.000 3.4258 8.3000 4.5230
260.000 3.4561 8.4825 4.6090
310.000 3.4864 8.6650 4.6960
360.000 3.5167 8.8475 4.7830
410.000 3.5470 9.0300 4.8700
410.000 3.7557 9.3600 5.0800
460.000 3.8175 9.5280 5.1860
510.000 3.8793 9.6960 5.2920
560.000 3.9410 9.8640 5.3980
610.000 4.0028 10.0320 5.5040
660.000 4.0646 10.2000 5.6100
660.000 4.3714 10.7900 5.9600
710.000 4.4010 10.9229 6.0897
760.000 4.4305 11.0558 6.2095
809.500 4.4596 11.1353 6.2426
859.000 4.4885 11.2221 6.2798
908.500 4.5173 11.3068 6.3160
958.000 4.5459 11.3896 6.3512
1007.500 4.5744 11.4705 6.3854
